2.000000000000000000e+00 0.000000000000000000e+00 0.000000000000000000e+00 0.000000000000000000e+00 0.000000000000000000e+00 0.000000000000000000e+00 1.000000000000000000e+00 0.000000000000000000e+00
3.000000000000000000e+00 4.000000000000000000e+00 0.000000000000000000e+00 0.000000000000000000e+00 4.600000000000000000e+01 4.070000000000000000e+02 2.600000000000000000e+01 0.000000000000000000e+00
4.000000000000000000e+00 1.000000000000000000e+00 3.440000000000000000e+02 1.850000000000000000e+02 2.600000000000000000e+01 1.634100000000000000e+04 8.100000000000000000e+02 1.000000000000000000e+00
8.000000000000000000e+00 3.000000000000000000e+00 0.000000000000000000e+00 0.000000000000000000e+00 3.000000000000000000e+00 1.110000000000000000e+02 1.520000000000000000e+02 0.000000000000000000e+00
9.000000000000000000e+00 1.510000000000000000e+02 5.000000000000000000e+00 1.270000000000000000e+02 2.170000000000000000e+02 8.954600000000000000e+04 8.297000000000000000e+03 1.000000000000000000e+00
1.100000000000000000e+01 2.000000000000000000e+00 0.000000000000000000e+00 0.000000000000000000e+00 3.100000000000000000e+01 2.150000000000000000e+02 4.400000000000000000e+01 0.000000000000000000e+00
1.300000000000000000e+01 2.000000000000000000e+00 1.050000000000000000e+02 6.900000000000000000e+01 1.800000000000000000e+01 5.062000000000000000e+03 5.320000000000000000e+02 1.000000000000000000e+00
1.600000000000000000e+01 1.280000000000000000e+02 5.450000000000000000e+02 5.550000000000000000e+02 5.600000000000000000e+01 8.753200000000000000e+04 1.830000000000000000e+03 1.000000000000000000e+00
1.700000000000000000e+01 1.220000000000000000e+02 7.760000000000000000e+02 7.390000000000000000e+02 4.000000000000000000e+01 1.048420000000000000e+05 7.619000000000000000e+03 1.000000000000000000e+00
1.800000000000000000e+01 1.180000000000000000e+02 4.000000000000000000e+00 9.200000000000000000e+01 2.780000000000000000e+02 5.496300000000000000e+04 5.920000000000000000e+02 1.000000000000000000e+00
1.900000000000000000e+01 2.400000000000000000e+01 5.300000000000000000e+01 4.400000000000000000e+01 4.000000000000000000e+01 3.314600000000000000e+04 5.800000000000000000e+01 0.000000000000000000e+00
2.200000000000000000e+01 7.300000000000000000e+01 2.380000000000000000e+02 1.670000000000000000e+02 2.200000000000000000e+01 5.207900000000000000e+04 9.790000000000000000e+02 1.000000000000000000e+00
2.300000000000000000e+01 3.200000000000000000e+01 5.000000000000000000e+00 3.200000000000000000e+01 5.800000000000000000e+01 3.412100000000000000e+04 1.700000000000000000e+01 0.000000000000000000e+00
2.400000000000000000e+01 3.000000000000000000e+01 2.600000000000000000e+02 2.380000000000000000e+02 2.000000000000000000e+00 1.872600000000000000e+04 5.400000000000000000e+01 1.000000000000000000e+00
2.500000000000000000e+01 1.810000000000000000e+02 2.017000000000000000e+03 4.995000000000000000e+03 3.070000000000000000e+02 4.135900000000000000e+05 9.380000000000000000e+03 1.000000000000000000e+00
2.600000000000000000e+01 3.920000000000000000e+02 1.883000000000000000e+03 2.458000000000000000e+03 9.530000000000000000e+02 2.165510000000000000e+05 3.830000000000000000e+02 1.000000000000000000e+00
2.700000000000000000e+01 7.800000000000000000e+01 3.590000000000000000e+02 4.630000000000000000e+02 1.000000000000000000e+02 3.220500000000000000e+04 5.700000000000000000e+02 1.000000000000000000e+00
2.900000000000000000e+01 5.000000000000000000e+01 5.870000000000000000e+02 3.420000000000000000e+02 1.600000000000000000e+01 4.143700000000000000e+04 3.410000000000000000e+02 1.000000000000000000e+00
3.000000000000000000e+01 1.240000000000000000e+02 9.870000000000000000e+02 4.780000000000000000e+02 9.800000000000000000e+01 5.812600000000000000e+04 5.740000000000000000e+02 1.000000000000000000e+00
3.100000000000000000e+01 6.800000000000000000e+01 1.910000000000000000e+02 1.770000000000000000e+02 6.300000000000000000e+01 1.104700000000000000e+04 2.400000000000000000e+01 0.000000000000000000e+00
3.200000000000000000e+01 8.400000000000000000e+01 2.112000000000000000e+03 1.211000000000000000e+03 2.400000000000000000e+01 1.197530000000000000e+05 1.284000000000000000e+03 1.000000000000000000e+00
3.300000000000000000e+01 3.500000000000000000e+01 2.110000000000000000e+02 1.950000000000000000e+02 5.900000000000000000e+01 1.983000000000000000e+04 4.538000000000000000e+03 1.000000000000000000e+00
3.400000000000000000e+01 5.400000000000000000e+01 5.580000000000000000e+02 3.520000000000000000e+02 3.600000000000000000e+01 4.734700000000000000e+04 3.250000000000000000e+02 1.000000000000000000e+00
3.500000000000000000e+01 1.700000000000000000e+01 2.300000000000000000e+01 3.700000000000000000e+01 3.000000000000000000e+00 1.771000000000000000e+03 3.540000000000000000e+02 1.000000000000000000e+00
3.600000000000000000e+01 3.800000000000000000e+01 1.880000000000000000e+02 2.300000000000000000e+02 4.400000000000000000e+01 3.690000000000000000e+04 6.190000000000000000e+02 1.000000000000000000e+00
3.700000000000000000e+01 4.500000000000000000e+01 1.990000000000000000e+02 2.380000000000000000e+02 1.800000000000000000e+01 1.500200000000000000e+04 1.522000000000000000e+03 1.000000000000000000e+00
3.800000000000000000e+01 2.300000000000000000e+01 1.000000000000000000e+02 1.700000000000000000e+02 2.070000000000000000e+02 1.301000000000000000e+04 0.000000000000000000e+00 0.000000000000000000e+00
3.900000000000000000e+01 1.700000000000000000e+02 4.320000000000000000e+02 6.170000000000000000e+02 2.200000000000000000e+02 2.833300000000000000e+04 1.529000000000000000e+03 1.000000000000000000e+00
4.000000000000000000e+01 3.800000000000000000e+01 3.890000000000000000e+02 3.950000000000000000e+02 1.780000000000000000e+02 4.113700000000000000e+04 1.870000000000000000e+03 1.000000000000000000e+00
4.100000000000000000e+01 3.170000000000000000e+02 1.068000000000000000e+03 1.157000000000000000e+03 4.580000000000000000e+02 1.665360000000000000e+05 5.156000000000000000e+03 1.000000000000000000e+00
4.200000000000000000e+01 6.000000000000000000e+01 2.330000000000000000e+02 2.000000000000000000e+02 7.000000000000000000e+00 2.929600000000000000e+04 2.960000000000000000e+02 1.000000000000000000e+00
4.300000000000000000e+01 9.200000000000000000e+01 4.980000000000000000e+02 3.750000000000000000e+02 3.500000000000000000e+01 2.946500000000000000e+04 1.630000000000000000e+02 1.000000000000000000e+00
4.400000000000000000e+01 1.920000000000000000e+02 1.347000000000000000e+03 7.920000000000000000e+02 1.690000000000000000e+02 1.190810000000000000e+05 1.717000000000000000e+03 1.000000000000000000e+00
4.500000000000000000e+01 5.000000000000000000e+01 5.420000000000000000e+02 3.000000000000000000e+02 1.080000000000000000e+02 2.494800000000000000e+04 3.394000000000000000e+03 1.000000000000000000e+00
4.600000000000000000e+01 9.200000000000000000e+01 3.300000000000000000e+02 2.820000000000000000e+02 6.400000000000000000e+01 3.517000000000000000e+04 1.656000000000000000e+03 1.000000000000000000e+00
4.700000000000000000e+01 1.370000000000000000e+02 6.560000000000000000e+02 5.310000000000000000e+02 1.760000000000000000e+02 8.039200000000000000e+04 2.293000000000000000e+03 1.000000000000000000e+00
4.800000000000000000e+01 9.600000000000000000e+01 4.320000000000000000e+02 4.060000000000000000e+02 6.600000000000000000e+01 8.564500000000000000e+04 2.560000000000000000e+02 1.000000000000000000e+00
4.900000000000000000e+01 3.000000000000000000e+01 2.530000000000000000e+02 2.030000000000000000e+02 1.010000000000000000e+02 1.223300000000000000e+04 1.306100000000000000e+04 1.000000000000000000e+00
5.000000000000000000e+01 0.000000000000000000e+00 0.000000000000000000e+00 0.000000000000000000e+00 0.000000000000000000e+00 0.000000000000000000e+00 3.090000000000000000e+02 1.000000000000000000e+00
5.100000000000000000e+01 3.910000000000000000e+02 1.213000000000000000e+03 7.110000000000000000e+02 1.850000000000000000e+02 6.061400000000000000e+04 1.292000000000000000e+03 0.000000000000000000e+00
5.200000000000000000e+01 1.800000000000000000e+01 6.900000000000000000e+01 3.300000000000000000e+01 7.000000000000000000e+00 2.068000000000000000e+03 3.800000000000000000e+01 1.000000000000000000e+00
5.300000000000000000e+01 9.700000000000000000e+01 5.100000000000000000e+02 7.880000000000000000e+02 1.050000000000000000e+02 4.472300000000000000e+04 1.483600000000000000e+04 1.000000000000000000e+00
5.400000000000000000e+01 4.800000000000000000e+01 1.500000000000000000e+02 1.550000000000000000e+02 3.800000000000000000e+01 1.713000000000000000e+04 5.750000000000000000e+02 0.000000000000000000e+00
5.500000000000000000e+01 6.600000000000000000e+01 4.180000000000000000e+02 4.560000000000000000e+02 6.000000000000000000e+01 2.890500000000000000e+04 3.690000000000000000e+02 1.000000000000000000e+00
5.600000000000000000e+01 2.100000000000000000e+01 5.600000000000000000e+01 1.050000000000000000e+02 9.200000000000000000e+01 8.587000000000000000e+03 2.010000000000000000e+02 1.000000000000000000e+00
5.700000000000000000e+01 1.320000000000000000e+02 4.220000000000000000e+02 6.800000000000000000e+02 1.880000000000000000e+02 4.909100000000000000e+04 2.770000000000000000e+02 0.000000000000000000e+00
5.800000000000000000e+01 1.900000000000000000e+02 1.409000000000000000e+03 1.106000000000000000e+03 2.950000000000000000e+02 1.052900000000000000e+05 1.342000000000000000e+03 1.000000000000000000e+00
5.900000000000000000e+01 7.600000000000000000e+01 4.820000000000000000e+02 4.340000000000000000e+02 8.000000000000000000e+00 2.696200000000000000e+04 5.240000000000000000e+03 1.000000000000000000e+00
6.000000000000000000e+01 3.500000000000000000e+01 2.160000000000000000e+02 2.230000000000000000e+02 2.600000000000000000e+01 1.145000000000000000e+04 2.350000000000000000e+02 1.000000000000000000e+00
6.100000000000000000e+01 5.200000000000000000e+01 1.830000000000000000e+02 2.320000000000000000e+02 2.500000000000000000e+01 4.333100000000000000e+04 1.030000000000000000e+02 1.000000000000000000e+00
6.200000000000000000e+01 5.500000000000000000e+01 2.190000000000000000e+02 1.790000000000000000e+02 4.700000000000000000e+01 2.276100000000000000e+04 7.800000000000000000e+01 0.000000000000000000e+00
6.300000000000000000e+01 5.900000000000000000e+01 1.470000000000000000e+02 1.510000000000000000e+02 5.900000000000000000e+01 2.543900000000000000e+04 5.980000000000000000e+02 1.000000000000000000e+00
6.400000000000000000e+01 7.680000000000000000e+02 1.852000000000000000e+03 2.962000000000000000e+03 4.180000000000000000e+02 1.463180000000000000e+05 3.537000000000000000e+03 1.000000000000000000e+00
6.500000000000000000e+01 4.800000000000000000e+01 1.580000000000000000e+02 2.040000000000000000e+02 4.800000000000000000e+01 2.271400000000000000e+04 1.341000000000000000e+03 1.000000000000000000e+00
6.600000000000000000e+01 2.330000000000000000e+02 7.690000000000000000e+02 9.780000000000000000e+02 5.200000000000000000e+02 9.185800000000000000e+04 4.552500000000000000e+04 1.000000000000000000e+00
6.700000000000000000e+01 8.700000000000000000e+01 2.440000000000000000e+02 1.580000000000000000e+02 1.100000000000000000e+01 1.753300000000000000e+04 3.484000000000000000e+03 1.000000000000000000e+00
6.800000000000000000e+01 6.700000000000000000e+01 2.350000000000000000e+02 1.900000000000000000e+02 8.000000000000000000e+00 1.610200000000000000e+04 3.870000000000000000e+02 1.000000000000000000e+00
6.900000000000000000e+01 8.400000000000000000e+01 6.380000000000000000e+02 7.010000000000000000e+02 3.300000000000000000e+01 1.250930000000000000e+05 4.000000000000000000e+00 0.000000000000000000e+00
7.000000000000000000e+01 8.100000000000000000e+01 5.320000000000000000e+02 3.630000000000000000e+02 2.400000000000000000e+01 3.463800000000000000e+04 1.045000000000000000e+03 1.000000000000000000e+00
7.100000000000000000e+01 3.800000000000000000e+01 2.870000000000000000e+02 5.160000000000000000e+02 1.590000000000000000e+02 5.283000000000000000e+04 2.730000000000000000e+02 0.000000000000000000e+00
7.200000000000000000e+01 4.600000000000000000e+01 4.100000000000000000e+02 4.620000000000000000e+02 8.200000000000000000e+01 3.455800000000000000e+04 3.100000000000000000e+01 1.000000000000000000e+00
7.300000000000000000e+01 1.080000000000000000e+02 4.060000000000000000e+02 3.670000000000000000e+02 1.190000000000000000e+02 7.721900000000000000e+04 2.099000000000000000e+03 1.000000000000000000e+00
7.400000000000000000e+01 0.000000000000000000e+00 2.000000000000000000e+00 0.000000000000000000e+00 0.000000000000000000e+00 0.000000000000000000e+00 7.600000000000000000e+01 0.000000000000000000e+00
7.500000000000000000e+01 0.000000000000000000e+00 0.000000000000000000e+00 0.000000000000000000e+00 0.000000000000000000e+00 0.000000000000000000e+00 9.000000000000000000e+00 0.000000000000000000e+00
7.600000000000000000e+01 9.600000000000000000e+01 7.900000000000000000e+02 5.560000000000000000e+02 5.800000000000000000e+01 8.756800000000000000e+04 4.828000000000000000e+03 1.000000000000000000e+00
7.700000000000000000e+01 1.100000000000000000e+02 3.830000000000000000e+02 4.250000000000000000e+02 8.200000000000000000e+01 3.052000000000000000e+04 1.356000000000000000e+03 1.000000000000000000e+00
7.800000000000000000e+01 4.000000000000000000e+01 4.750000000000000000e+02 4.530000000000000000e+02 3.200000000000000000e+01 2.458600000000000000e+04 1.236000000000000000e+03 1.000000000000000000e+00
7.900000000000000000e+01 7.700000000000000000e+01 3.530000000000000000e+02 4.800000000000000000e+02 9.000000000000000000e+01 2.738800000000000000e+04 9.890000000000000000e+02 1.000000000000000000e+00
8.000000000000000000e+01 1.200000000000000000e+02 5.740000000000000000e+02 6.650000000000000000e+02 1.410000000000000000e+02 1.096800000000000000e+05 8.447000000000000000e+03 1.000000000000000000e+00
8.100000000000000000e+01 1.120000000000000000e+02 1.358000000000000000e+03 6.370000000000000000e+02 2.700000000000000000e+01 9.794800000000000000e+04 4.070000000000000000e+03 1.000000000000000000e+00
8.200000000000000000e+01 5.400000000000000000e+01 4.790000000000000000e+02 8.810000000000000000e+02 8.600000000000000000e+01 4.648200000000000000e+04 3.730000000000000000e+03 1.000000000000000000e+00
8.300000000000000000e+01 7.300000000000000000e+01 5.700000000000000000e+02 7.740000000000000000e+02 8.300000000000000000e+01 7.257200000000000000e+04 1.200000000000000000e+01 1.000000000000000000e+00
8.400000000000000000e+01 6.200000000000000000e+01 6.300000000000000000e+01 2.490000000000000000e+02 1.580000000000000000e+02 2.320600000000000000e+04 2.360000000000000000e+02 1.000000000000000000e+00
8.500000000000000000e+01 8.000000000000000000e+00 0.000000000000000000e+00 4.000000000000000000e+00 0.000000000000000000e+00 1.000000000000000000e+02 1.340000000000000000e+02 0.000000000000000000e+00
8.600000000000000000e+01 0.000000000000000000e+00 1.500000000000000000e+01 9.000000000000000000e+00 1.000000000000000000e+00 1.520000000000000000e+02 7.000000000000000000e+00 0.000000000000000000e+00
8.700000000000000000e+01 3.010000000000000000e+02 9.740000000000000000e+02 9.380000000000000000e+02 2.870000000000000000e+02 7.346100000000000000e+04 5.430000000000000000e+02 1.000000000000000000e+00
8.800000000000000000e+01 2.450000000000000000e+02 1.182000000000000000e+03 8.660000000000000000e+02 2.070000000000000000e+02 1.247820000000000000e+05 2.630000000000000000e+02 0.000000000000000000e+00
8.900000000000000000e+01 3.210000000000000000e+02 6.670000000000000000e+02 4.250000000000000000e+02 8.700000000000000000e+01 3.772100000000000000e+04 1.534000000000000000e+03 1.000000000000000000e+00
9.000000000000000000e+01 3.400000000000000000e+01 1.020000000000000000e+02 1.400000000000000000e+02 5.500000000000000000e+01 2.683600000000000000e+04 4.750000000000000000e+02 1.000000000000000000e+00
9.100000000000000000e+01 6.300000000000000000e+01 2.100000000000000000e+02 1.860000000000000000e+02 4.100000000000000000e+01 1.295500000000000000e+04 3.510000000000000000e+02 1.000000000000000000e+00
9.200000000000000000e+01 6.300000000000000000e+01 1.510000000000000000e+02 1.820000000000000000e+02 1.900000000000000000e+01 6.567000000000000000e+03 7.802000000000000000e+03 1.000000000000000000e+00
9.300000000000000000e+01 1.700000000000000000e+01 1.790000000000000000e+02 2.350000000000000000e+02 6.900000000000000000e+01 2.132100000000000000e+04 4.160000000000000000e+02 1.000000000000000000e+00
9.400000000000000000e+01 2.000000000000000000e+00 9.600000000000000000e+01 8.900000000000000000e+01 6.000000000000000000e+00 7.942000000000000000e+03 2.000000000000000000e+03 1.000000000000000000e+00
9.500000000000000000e+01 8.700000000000000000e+01 2.670000000000000000e+02 2.400000000000000000e+02 4.800000000000000000e+01 1.013900000000000000e+04 4.360000000000000000e+02 1.000000000000000000e+00
9.600000000000000000e+01 2.100000000000000000e+01 1.940000000000000000e+02 2.230000000000000000e+02 2.300000000000000000e+01 1.285200000000000000e+04 3.810000000000000000e+02 1.000000000000000000e+00
9.700000000000000000e+01 2.100000000000000000e+01 2.500000000000000000e+01 8.500000000000000000e+01 8.000000000000000000e+00 4.252000000000000000e+03 2.511000000000000000e+03 1.000000000000000000e+00
9.800000000000000000e+01 2.000000000000000000e+00 3.700000000000000000e+01 3.700000000000000000e+01 7.000000000000000000e+00 5.267000000000000000e+03 1.840000000000000000e+02 0.000000000000000000e+00
9.900000000000000000e+01 3.100000000000000000e+01 1.860000000000000000e+02 2.460000000000000000e+02 3.700000000000000000e+01 4.834400000000000000e+04 5.270000000000000000e+02 1.000000000000000000e+00
1.000000000000000000e+02 5.000000000000000000e+01 4.680000000000000000e+02 3.320000000000000000e+02 1.500000000000000000e+02 2.601980000000000000e+05 1.560000000000000000e+03 1.000000000000000000e+00
1.010000000000000000e+02 1.890000000000000000e+02 7.350000000000000000e+02 5.680000000000000000e+02 1.250000000000000000e+02 9.100900000000000000e+04 5.650000000000000000e+02 1.000000000000000000e+00
1.030000000000000000e+02 5.400000000000000000e+01 3.770000000000000000e+02 2.230000000000000000e+02 5.200000000000000000e+01 4.232900000000000000e+04 6.997000000000000000e+03 1.000000000000000000e+00
1.040000000000000000e+02 2.030000000000000000e+02 1.486000000000000000e+03 1.158000000000000000e+03 1.530000000000000000e+02 1.459680000000000000e+05 3.346000000000000000e+03 0.000000000000000000e+00
1.050000000000000000e+02 1.710000000000000000e+02 7.880000000000000000e+02 1.113000000000000000e+03 4.280000000000000000e+02 8.926100000000000000e+04 1.509900000000000000e+04 1.000000000000000000e+00
1.060000000000000000e+02 8.380000000000000000e+02 2.734000000000000000e+03 3.086000000000000000e+03 1.336000000000000000e+03 2.578480000000000000e+05 1.182800000000000000e+04 1.000000000000000000e+00
1.070000000000000000e+02 2.000000000000000000e+00 0.000000000000000000e+00 0.000000000000000000e+00 3.300000000000000000e+01 2.830000000000000000e+02 2.900000000000000000e+01 0.000000000000000000e+00
1.080000000000000000e+02 1.890000000000000000e+02 2.090000000000000000e+02 1.160000000000000000e+02 1.320000000000000000e+02 1.159750000000000000e+05 6.068000000000000000e+03 0.000000000000000000e+00
1.090000000000000000e+02 1.130000000000000000e+02 6.700000000000000000e+02 6.220000000000000000e+02 8.700000000000000000e+01 1.486460000000000000e+05 9.601000000000000000e+03 1.000000000000000000e+00
1.100000000000000000e+02 3.110000000000000000e+02 7.210000000000000000e+02 1.350000000000000000e+03 6.180000000000000000e+02 7.063500000000000000e+04 2.546000000000000000e+03 1.000000000000000000e+00
1.110000000000000000e+02 1.000000000000000000e+00 1.000000000000000000e+01 6.000000000000000000e+00 0.000000000000000000e+00 1.390000000000000000e+02 2.150000000000000000e+02 0.000000000000000000e+00
1.150000000000000000e+02 3.000000000000000000e+01 2.260000000000000000e+02 2.170000000000000000e+02 2.700000000000000000e+01 6.013200000000000000e+04 1.190000000000000000e+02 0.000000000000000000e+00
1.000000000000000000e+03 1.460000000000000000e+02 8.100000000000000000e+02 4.930000000000000000e+02 5.100000000000000000e+01 5.260500000000000000e+04 1.122000000000000000e+03 0.000000000000000000e+00
1.001000000000000000e+03 4.000000000000000000e+00 3.400000000000000000e+01 2.000000000000000000e+01 1.000000000000000000e+01 1.686000000000000000e+03 6.000000000000000000e+00 0.000000000000000000e+00
1.002000000000000000e+03 9.500000000000000000e+01 2.520000000000000000e+02 4.900000000000000000e+01 7.000000000000000000e+00 1.545400000000000000e+04 4.155800000000000000e+04 1.000000000000000000e+00
1.003000000000000000e+03 1.500000000000000000e+01 9.810000000000000000e+02 8.620000000000000000e+02 1.420000000000000000e+02 9.917600000000000000e+04 2.295000000000000000e+03 1.000000000000000000e+00
1.004000000000000000e+03 4.000000000000000000e+01 2.090000000000000000e+02 1.520000000000000000e+02 9.900000000000000000e+01 1.846500000000000000e+04 1.002000000000000000e+03 1.000000000000000000e+00
1.005000000000000000e+03 1.000000000000000000e+01 9.200000000000000000e+01 5.300000000000000000e+01 3.200000000000000000e+01 4.391000000000000000e+03 1.040000000000000000e+02 0.000000000000000000e+00
1.006000000000000000e+03 6.130000000000000000e+02 2.950000000000000000e+03 1.608000000000000000e+03 3.290000000000000000e+02 1.272380000000000000e+05 1.392900000000000000e+04 1.000000000000000000e+00
1.007000000000000000e+03 2.000000000000000000e+00 7.500000000000000000e+01 8.200000000000000000e+01 3.300000000000000000e+01 7.774000000000000000e+03 2.033000000000000000e+03 1.000000000000000000e+00
1.008000000000000000e+03 4.000000000000000000e+01 2.770000000000000000e+02 1.700000000000000000e+02 1.300000000000000000e+01 2.119900000000000000e+04 1.055000000000000000e+03 1.000000000000000000e+00
1.009000000000000000e+03 4.500000000000000000e+01 1.250000000000000000e+02 1.330000000000000000e+02 2.800000000000000000e+01 2.246900000000000000e+04 6.260000000000000000e+02 1.000000000000000000e+00
1.010000000000000000e+03 1.490000000000000000e+02 7.500000000000000000e+02 5.910000000000000000e+02 1.000000000000000000e+01 3.816700000000000000e+04 1.769000000000000000e+03 1.000000000000000000e+00
1.011000000000000000e+03 3.280000000000000000e+02 2.186000000000000000e+03 2.569000000000000000e+03 1.349000000000000000e+03 2.565720000000000000e+05 1.842800000000000000e+04 1.000000000000000000e+00
1.012000000000000000e+03 0.000000000000000000e+00 0.000000000000000000e+00 1.000000000000000000e+00 0.000000000000000000e+00 7.200000000000000000e+01 2.400000000000000000e+01 0.000000000000000000e+00
1.013000000000000000e+03 2.900000000000000000e+01 1.620000000000000000e+02 1.850000000000000000e+02 1.240000000000000000e+02 1.243000000000000000e+04 2.232000000000000000e+03 1.000000000000000000e+00
1.014000000000000000e+03 4.690000000000000000e+02 1.015000000000000000e+03 2.082000000000000000e+03 9.340000000000000000e+02 1.676120000000000000e+05 2.658500000000000000e+04 1.000000000000000000e+00
1.015000000000000000e+03 1.500000000000000000e+02 3.830000000000000000e+02 3.320000000000000000e+02 1.350000000000000000e+02 6.623200000000000000e+04 1.074000000000000000e+03 1.000000000000000000e+00
1.016000000000000000e+03 1.160000000000000000e+02 2.000000000000000000e+02 1.730000000000000000e+02 1.100000000000000000e+01 1.482700000000000000e+04 3.960000000000000000e+02 0.000000000000000000e+00
1.017000000000000000e+03 0.000000000000000000e+00 0.000000000000000000e+00 4.000000000000000000e+00 0.000000000000000000e+00 2.250000000000000000e+02 0.000000000000000000e+00 0.000000000000000000e+00
1.018000000000000000e+03 8.590000000000000000e+02 2.466000000000000000e+03 2.677000000000000000e+03 9.870000000000000000e+02 4.586800000000000000e+05 4.739000000000000000e+03 1.000000000000000000e+00
1.019000000000000000e+03 1.800000000000000000e+01 1.400000000000000000e+01 5.000000000000000000e+01 8.000000000000000000e+00 6.599000000000000000e+03 3.630000000000000000e+02 1.000000000000000000e+00
1.020000000000000000e+03 2.970000000000000000e+02 1.539000000000000000e+03 1.521000000000000000e+03 1.430000000000000000e+02 1.343650000000000000e+05 6.805000000000000000e+03 1.000000000000000000e+00
1.021000000000000000e+03 1.200000000000000000e+01 1.190000000000000000e+02 1.580000000000000000e+02 3.600000000000000000e+01 8.220000000000000000e+03 2.730000000000000000e+02 1.000000000000000000e+00
1.022000000000000000e+03 4.700000000000000000e+01 4.970000000000000000e+02 3.680000000000000000e+02 8.400000000000000000e+01 2.187000000000000000e+04 2.889000000000000000e+03 1.000000000000000000e+00
1.023000000000000000e+03 1.270000000000000000e+02 3.460000000000000000e+02 3.760000000000000000e+02 2.020000000000000000e+02 5.434100000000000000e+04 5.734000000000000000e+03 1.000000000000000000e+00
1.024000000000000000e+03 3.180000000000000000e+02 1.059000000000000000e+03 8.090000000000000000e+02 1.500000000000000000e+02 1.778920000000000000e+05 7.605000000000000000e+03 1.000000000000000000e+00
1.025000000000000000e+03 7.800000000000000000e+01 3.380000000000000000e+02 5.140000000000000000e+02 7.000000000000000000e+01 4.123300000000000000e+04 1.086100000000000000e+04 1.000000000000000000e+00
1.026000000000000000e+03 5.100000000000000000e+01 2.350000000000000000e+02 1.650000000000000000e+02 4.900000000000000000e+01 1.358400000000000000e+04 7.440000000000000000e+02 1.000000000000000000e+00
1.028000000000000000e+03 8.840000000000000000e+02 1.597000000000000000e+03 2.848000000000000000e+03 1.710000000000000000e+02 2.957700000000000000e+05 6.721000000000000000e+03 1.000000000000000000e+00
1.029000000000000000e+03 1.020000000000000000e+02 3.560000000000000000e+02 4.300000000000000000e+02 1.120000000000000000e+02 5.862000000000000000e+04 2.360000000000000000e+02 1.000000000000000000e+00
1.030000000000000000e+03 1.400000000000000000e+01 7.400000000000000000e+01 6.400000000000000000e+01 9.000000000000000000e+00 4.566000000000000000e+03 4.069000000000000000e+03 1.000000000000000000e+00
1.031000000000000000e+03 2.950000000000000000e+02 1.973000000000000000e+03 2.961000000000000000e+03 7.710000000000000000e+02 3.718970000000000000e+05 6.213300000000000000e+04 1.000000000000000000e+00
1.032000000000000000e+03 2.070000000000000000e+02 1.448000000000000000e+03 1.177000000000000000e+03 1.680000000000000000e+02 1.147340000000000000e+05 1.291600000000000000e+04 1.000000000000000000e+00
1.033000000000000000e+03 1.900000000000000000e+02 6.110000000000000000e+02 5.680000000000000000e+02 6.500000000000000000e+01 6.035400000000000000e+04 9.890000000000000000e+02 1.000000000000000000e+00
1.034000000000000000e+03 2.200000000000000000e+01 2.030000000000000000e+02 2.120000000000000000e+02 6.300000000000000000e+01 2.950800000000000000e+04 1.378000000000000000e+03 1.000000000000000000e+00
1.035000000000000000e+03 2.520000000000000000e+02 4.180000000000000000e+02 2.680000000000000000e+02 6.200000000000000000e+01 2.021800000000000000e+04 6.950000000000000000e+02 1.000000000000000000e+00
1.036000000000000000e+03 4.700000000000000000e+02 1.119000000000000000e+03 1.211000000000000000e+03 2.000000000000000000e+02 1.524740000000000000e+05 3.060000000000000000e+02 1.000000000000000000e+00
1.037000000000000000e+03 1.910000000000000000e+02 5.200000000000000000e+02 7.030000000000000000e+02 1.520000000000000000e+02 5.141600000000000000e+04 2.025000000000000000e+03 1.000000000000000000e+00
1.038000000000000000e+03 4.400000000000000000e+01 1.770000000000000000e+02 2.180000000000000000e+02 6.100000000000000000e+01 3.339000000000000000e+04 2.972000000000000000e+03 1.000000000000000000e+00
1.039000000000000000e+03 1.100000000000000000e+01 1.600000000000000000e+02 1.860000000000000000e+02 2.200000000000000000e+01 1.632900000000000000e+04 2.127000000000000000e+03 1.000000000000000000e+00
1.040000000000000000e+03 4.340000000000000000e+02 1.627000000000000000e+03 1.629000000000000000e+03 3.100000000000000000e+02 1.564310000000000000e+05 4.078000000000000000e+03 1.000000000000000000e+00
1.041000000000000000e+03 1.290000000000000000e+02 1.114000000000000000e+03 1.209000000000000000e+03 4.800000000000000000e+01 1.284300000000000000e+05 2.424000000000000000e+03 1.000000000000000000e+00
1.042000000000000000e+03 2.500000000000000000e+01 1.640000000000000000e+02 2.090000000000000000e+02 1.020000000000000000e+02 1.986600000000000000e+04 8.000000000000000000e+01 1.000000000000000000e+00
1.043000000000000000e+03 1.640000000000000000e+02 9.490000000000000000e+02 1.066000000000000000e+03 1.560000000000000000e+02 2.044980000000000000e+05 6.790000000000000000e+03 1.000000000000000000e+00
1.044000000000000000e+03 3.340000000000000000e+02 7.090000000000000000e+02 7.430000000000000000e+02 8.000000000000000000e+01 7.499600000000000000e+04 2.230000000000000000e+02 1.000000000000000000e+00
1.045000000000000000e+03 2.000000000000000000e+02 4.110000000000000000e+02 3.510000000000000000e+02 1.140000000000000000e+02 3.374700000000000000e+04 2.850000000000000000e+02 1.000000000000000000e+00
1.046000000000000000e+03 6.500000000000000000e+01 1.900000000000000000e+02 1.830000000000000000e+02 6.200000000000000000e+01 2.077700000000000000e+04 2.076500000000000000e+04 1.000000000000000000e+00
1.047000000000000000e+03 4.000000000000000000e+02 4.910000000000000000e+02 5.180000000000000000e+02 9.100000000000000000e+01 8.195600000000000000e+04 2.924000000000000000e+03 1.000000000000000000e+00
1.048000000000000000e+03 3.910000000000000000e+02 2.157000000000000000e+03 2.127000000000000000e+03 4.260000000000000000e+02 2.155120000000000000e+05 8.000000000000000000e+03 1.000000000000000000e+00
1.049000000000000000e+03 4.060000000000000000e+02 2.253000000000000000e+03 1.915000000000000000e+03 3.570000000000000000e+02 1.443390000000000000e+05 5.540000000000000000e+02 1.000000000000000000e+00
1.050000000000000000e+03 8.100000000000000000e+01 2.060000000000000000e+02 1.470000000000000000e+02 6.600000000000000000e+01 1.568400000000000000e+04 1.939000000000000000e+03 1.000000000000000000e+00
1.051000000000000000e+03 0.000000000000000000e+00 1.500000000000000000e+01 5.000000000000000000e+00 1.000000000000000000e+00 4.860000000000000000e+02 1.630000000000000000e+02 1.000000000000000000e+00
1.052000000000000000e+03 3.800000000000000000e+01 4.390000000000000000e+02 4.720000000000000000e+02 5.200000000000000000e+01 4.941000000000000000e+04 1.402000000000000000e+03 1.000000000000000000e+00
1.053000000000000000e+03 6.520000000000000000e+02 2.364000000000000000e+03 1.375000000000000000e+03 1.090000000000000000e+02 2.136710000000000000e+05 2.112700000000000000e+04 1.000000000000000000e+00
1.054000000000000000e+03 1.830000000000000000e+02 7.160000000000000000e+02 4.970000000000000000e+02 1.040000000000000000e+02 3.892400000000000000e+04 1.775000000000000000e+03 1.000000000000000000e+00
1.055000000000000000e+03 1.240000000000000000e+02 3.400000000000000000e+02 4.120000000000000000e+02 1.240000000000000000e+02 5.457000000000000000e+04 9.610000000000000000e+02 1.000000000000000000e+00
1.056000000000000000e+03 3.000000000000000000e+01 2.100000000000000000e+02 2.380000000000000000e+02 2.200000000000000000e+01 1.560700000000000000e+04 2.814000000000000000e+03 1.000000000000000000e+00
1.057000000000000000e+03 6.500000000000000000e+01 1.080000000000000000e+03 1.075000000000000000e+03 2.800000000000000000e+02 6.731700000000000000e+04 9.742000000000000000e+03 1.000000000000000000e+00
1.058000000000000000e+03 1.562000000000000000e+03 3.056000000000000000e+03 3.733000000000000000e+03 1.149000000000000000e+03 2.251200000000000000e+05 7.692000000000000000e+03 1.000000000000000000e+00
1.059000000000000000e+03 7.000000000000000000e+01 6.510000000000000000e+02 7.020000000000000000e+02 7.700000000000000000e+01 9.677700000000000000e+04 8.519000000000000000e+03 1.000000000000000000e+00
1.060000000000000000e+03 4.500000000000000000e+02 1.172000000000000000e+03 8.450000000000000000e+02 3.300000000000000000e+01 7.130900000000000000e+04 2.138200000000000000e+04 1.000000000000000000e+00
1.061000000000000000e+03 6.700000000000000000e+01 2.720000000000000000e+02 1.760000000000000000e+02 4.100000000000000000e+01 1.156000000000000000e+04 0.000000000000000000e+00 0.000000000000000000e+00
